0	2.61E-49	3.00000E-16	2.33E-01	1.01E-30	3.00000E-18	6.49E-09	3.00000E-18	3.00000E-18	7.67E-01
0.002463994238	3.15E-49	3.00000E-16	2.33E-01	1.11E-30	3.00000E-18	7.84E-09	3.00000E-18	3.00000E-18	7.67E-01
0.004927988476	3.80E-49	3.00000E-16	2.33E-01	1.22E-30	3.00000E-18	9.46E-09	3.00000E-18	3.00000E-18	7.67E-01
0.007391982714	4.59E-49	3.00000E-16	2.33E-01	1.35E-30	3.00000E-18	1.14E-08	3.00000E-18	3.00000E-18	7.67E-01
0.009855976952	5.54E-49	3.00000E-16	2.33E-01	1.48E-30	3.00000E-18	1.38E-08	3.00000E-18	3.00000E-18	7.67E-01
0.01231997119	6.69E-49	3.00000E-16	2.33E-01	1.62E-30	3.00000E-18	1.67E-08	3.00000E-18	3.00000E-18	7.67E-01
0.01478396543	8.08E-49	3.00000E-16	2.33E-01	1.79E-30	3.00000E-18	2.01E-08	3.00000E-18	3.00000E-18	7.67E-01
0.01724795967	9.76E-49	3.00000E-16	2.33E-01	1.96E-30	3.00000E-18	2.43E-08	3.00000E-18	3.00000E-18	7.67E-01
0.0197119539	1.18E-48	3.00000E-16	2.33E-01	2.16E-30	3.00000E-18	2.94E-08	3.00000E-18	3.00000E-18	7.67E-01
0.02217594814	1.42E-48	3.00000E-16	2.33E-01	2.37E-30	3.00000E-18	3.55E-08	3.00000E-18	3.00000E-18	7.67E-01
0.02463994238	1.72E-48	3.00000E-16	2.33E-01	2.60E-30	3.00000E-18	4.28E-08	3.00000E-18	3.00000E-18	7.67E-01
0.02710393662	2.08E-48	3.00000E-16	2.33E-01	2.86E-30	3.00000E-18	5.17E-08	3.00000E-18	3.00000E-18	7.67E-01
0.02956793086	2.51E-48	3.00000E-16	2.33E-01	3.14E-30	3.00000E-18	6.25E-08	3.00000E-18	3.00000E-18	7.67E-01
0.0320319251	3.03E-48	3.00000E-16	2.33E-01	3.46E-30	3.00000E-18	7.54E-08	3.00000E-18	3.00000E-18	7.67E-01
0.03449591933	3.66E-48	3.00000E-16	2.33E-01	3.80E-30	3.00000E-18	9.11E-08	3.00000E-18	3.00000E-18	7.67E-01
0.03695991357	4.42E-48	3.00000E-16	2.33E-01	4.17E-30	3.00000E-18	1.10E-07	3.00000E-18	3.00000E-18	7.67E-01
0.03942390781	5.34E-48	3.00000E-16	2.33E-01	4.59E-30	3.00000E-18	1.33E-07	3.00000E-18	3.00000E-18	7.67E-01
0.04188790205	6.45E-48	3.00000E-16	2.33E-01	5.04E-30	3.00000E-18	1.60E-07	3.00000E-18	3.00000E-18	7.67E-01
0.04435189629	7.79E-48	3.00000E-16	2.33E-01	5.54E-30	3.00000E-18	1.94E-07	3.00000E-18	3.00000E-18	7.67E-01
0.04681589052	9.41E-48	3.00000E-16	2.33E-01	6.09E-30	3.00000E-18	2.34E-07	3.00000E-18	3.00000E-18	7.67E-01
0.04927988476	1.14E-47	3.00000E-16	2.33E-01	6.69E-30	3.00000E-18	2.83E-07	3.00000E-18	3.00000E-18	7.67E-01
0.051743879	1.37E-47	3.00000E-16	2.33E-01	7.36E-30	3.00000E-18	3.41E-07	3.00000E-18	3.00000E-18	7.67E-01
0.05420787324	1.66E-47	3.00000E-16	2.33E-01	8.09E-30	3.00000E-18	4.12E-07	3.00000E-18	3.00000E-18	7.67E-01
0.05667186748	2.00E-47	3.00000E-16	2.33E-01	8.89E-30	3.00000E-18	4.98E-07	3.00000E-18	3.00000E-18	7.67E-01
0.05913586171	2.42E-47	3.00000E-16	2.33E-01	9.77E-30	3.00000E-18	6.01E-07	3.00000E-18	3.00000E-18	7.67E-01
0.06159985595	2.92E-47	3.00000E-16	2.33E-01	1.07E-29	3.00000E-18	7.26E-07	3.00000E-18	3.00000E-18	7.67E-01
0.06406385019	3.53E-47	3.00000E-16	2.33E-01	1.18E-29	3.00000E-18	8.77E-07	3.00000E-18	3.00000E-18	7.67E-01
0.06652784443	4.27E-47	3.00000E-16	2.33E-01	1.30E-29	3.00000E-18	1.06E-06	3.00000E-18	3.00000E-18	7.67E-01
0.06899183867	5.16E-47	3.00000E-16	2.33E-01	1.43E-29	3.00000E-18	1.28E-06	3.00000E-18	3.00000E-18	7.67E-01
0.07145583291	6.24E-47	3.00000E-16	2.33E-01	1.57E-29	3.00000E-18	1.54E-06	3.00000E-18	3.00000E-18	7.67E-01
0.07391982714	7.55E-47	3.00000E-16	2.33E-01	1.73E-29	3.00000E-18	1.87E-06	3.00000E-18	3.00000E-18	7.67E-01
0.07638382138	9.13E-47	3.00000E-16	2.33E-01	1.90E-29	3.00000E-18	2.25E-06	3.00000E-18	3.00000E-18	7.67E-01
0.07884781562	1.11E-46	3.00000E-16	2.33E-01	2.09E-29	3.00000E-18	2.72E-06	3.00000E-18	3.00000E-18	7.67E-01
0.08131180986	1.34E-46	3.00000E-16	2.33E-01	2.30E-29	3.00000E-18	3.29E-06	3.00000E-18	3.00000E-18	7.67E-01
0.0837758041	1.62E-46	3.00000E-16	2.33E-01	2.53E-29	3.00000E-18	3.97E-06	3.00000E-18	3.00000E-18	7.67E-01
0.08623979833	1.96E-46	3.00000E-16	2.33E-01	2.79E-29	3.00000E-18	4.79E-06	3.00000E-18	3.00000E-18	7.67E-01
0.08870379257	2.38E-46	3.00000E-16	2.33E-01	3.08E-29	3.00000E-18	5.79E-06	3.00000E-18	3.00000E-18	7.67E-01
0.09116778681	2.89E-46	3.00000E-16	2.33E-01	3.39E-29	3.00000E-18	6.99E-06	3.00000E-18	3.00000E-18	7.67E-01
0.09363178105	3.51E-46	3.00000E-16	2.33E-01	3.74E-29	3.00000E-18	8.44E-06	3.00000E-18	3.00000E-18	7.67E-01
0.09609577529	4.28E-46	3.00000E-16	2.33E-01	4.13E-29	3.00000E-18	1.02E-05	3.00000E-18	3.00000E-18	7.67E-01
0.09855976952	5.21E-46	3.00000E-16	2.33E-01	4.57E-29	3.00000E-18	1.23E-05	3.00000E-18	3.00000E-18	7.67E-01
0.1010237638	6.36E-46	3.00000E-16	2.33E-01	5.06E-29	3.00000E-18	1.49E-05	3.00000E-18	3.00000E-18	7.67E-01
0.103487758	7.79E-46	3.00000E-16	2.33E-01	5.61E-29	3.00000E-18	1.80E-05	3.00000E-18	3.00000E-18	7.67E-01
0.1059517522	9.56E-46	3.00000E-16	2.33E-01	6.23E-29	3.00000E-18	2.17E-05	3.00000E-18	3.00000E-18	7.67E-01
0.1084157465	1.18E-45	3.00000E-16	2.33E-01	6.93E-29	3.00000E-18	2.62E-05	3.00000E-18	3.00000E-18	7.67E-01
0.1108797407	1.45E-45	3.00000E-16	2.33E-01	7.73E-29	3.00000E-18	3.16E-05	3.00000E-18	3.00000E-18	7.67E-01
0.113343735	1.81E-45	3.01000E-16	2.33E-01	8.65E-29	3.01000E-18	3.82E-05	3.01000E-18	3.01000E-18	7.67E-01
0.1158077292	2.26E-45	3.01000E-16	2.33E-01	9.72E-29	3.01000E-18	4.61E-05	3.01000E-18	3.01000E-18	7.67E-01
0.1182717234	2.84E-45	3.01000E-16	2.33E-01	1.10E-28	3.01000E-18	5.57E-05	3.01000E-18	3.01000E-18	7.67E-01
0.1207357177	3.60E-45	3.01000E-16	2.33E-01	1.25E-28	3.01000E-18	6.73E-05	3.01000E-18	3.01000E-18	7.67E-01
0.1231997119	4.62E-45	3.01000E-16	2.33E-01	1.42E-28	3.01000E-18	8.12E-05	3.01000E-18	3.01000E-18	7.67E-01
0.1256637061	5.99E-45	3.01000E-16	2.33E-01	1.64E-28	3.01000E-18	9.81E-05	3.01000E-18	3.01000E-18	7.67E-01
0.1281277004	7.89E-45	3.02000E-16	2.33E-01	1.91E-28	3.02000E-18	1.18E-04	3.02000E-18	3.02000E-18	7.67E-01
0.1305916946	1.06E-44	3.02000E-16	2.33E-01	2.24E-28	3.02000E-18	1.43E-04	3.02000E-18	3.02000E-18	7.67E-01
0.1330556889	1.45E-44	3.02000E-16	2.33E-01	2.68E-28	3.02000E-18	1.73E-04	3.02000E-18	3.02000E-18	7.67E-01
0.1355196831	2.04E-44	3.03000E-16	2.33E-01	3.25E-28	3.03000E-18	2.09E-04	3.03000E-18	3.03000E-18	7.67E-01
0.1379836773	2.95E-44	3.03000E-16	2.33E-01	4.02E-28	3.03000E-18	2.52E-04	3.03000E-18	3.03000E-18	7.67E-01
0.1404476716	4.44E-44	3.04000E-16	2.32E-01	5.10E-28	3.04000E-18	3.04E-04	3.04000E-18	3.04000E-18	7.67E-01
0.1429116658	6.97E-44	3.05000E-16	2.32E-01	6.66E-28	3.05000E-18	3.67E-04	3.05000E-18	3.05000E-18	7.67E-01
0.14537566	1.15E-43	3.06000E-16	2.32E-01	9.00E-28	3.06000E-18	4.44E-04	3.06000E-18	3.06000E-18	7.67E-01
0.1478396543	2.03E-43	3.07000E-16	2.32E-01	1.27E-27	3.07000E-18	5.36E-04	3.07000E-18	3.07000E-18	7.67E-01
0.1503036485	3.86E-43	3.09000E-16	2.32E-01	1.87E-27	3.09000E-18	6.47E-04	3.09000E-18	3.09000E-18	7.67E-01
0.1527676428	8.01E-43	3.10000E-16	2.32E-01	2.93E-27	3.10000E-18	7.81E-04	3.10000E-18	3.10000E-18	7.67E-01
0.155231637	1.84E-42	3.13000E-16	2.32E-01	4.91E-27	3.13000E-18	9.43E-04	3.13000E-18	3.13000E-18	7.67E-01
0.1576956312	4.78E-42	3.15000E-16	2.31E-01	8.90E-27	3.15000E-18	1.14E-03	3.15000E-18	3.15000E-18	7.67E-01
0.1601596255	1.43E-41	3.18000E-16	2.31E-01	1.77E-26	3.18000E-18	1.37E-03	3.18000E-18	3.18000E-18	7.68E-01
0.1626236197	5.02E-41	3.22000E-16	2.31E-01	3.91E-26	3.22000E-18	1.66E-03	3.22000E-18	3.22000E-18	7.68E-01
0.165087614	2.13E-40	3.27000E-16	2.30E-01	9.77E-26	3.27000E-18	2.00E-03	3.27000E-18	3.27000E-18	7.68E-01
0.1675516082	1.11E-39	3.32000E-16	2.30E-01	2.80E-25	3.32000E-18	2.41E-03	3.32000E-18	3.32000E-18	7.68E-01
0.1700156024	7.37E-39	3.39000E-16	2.29E-01	9.38E-25	3.39000E-18	2.91E-03	3.39000E-18	3.39000E-18	7.68E-01
0.1724795967	6.34E-38	3.46000E-16	2.28E-01	3.72E-24	3.46000E-18	3.51E-03	3.46000E-18	3.46000E-18	7.68E-01
0.1749435909	7.22E-37	3.56000E-16	2.27E-01	1.77E-23	3.56000E-18	4.24E-03	3.56000E-18	3.56000E-18	7.69E-01
0.1774075851	1.11E-35	3.67000E-16	2.26E-01	1.03E-22	3.67000E-18	5.11E-03	3.67000E-18	3.67000E-18	7.69E-01
0.1798715794	2.31E-34	3.81000E-16	2.25E-01	7.27E-22	3.81000E-18	6.16E-03	3.81000E-18	3.81000E-18	7.69E-01
0.1823355736	6.54E-33	3.97000E-16	2.23E-01	6.28E-21	3.97000E-18	7.41E-03	3.97000E-18	3.97000E-18	7.70E-01
0.1847995679	2.48E-31	4.17000E-16	2.21E-01	6.56E-20	4.17000E-18	8.93E-03	4.17000E-18	4.17000E-18	7.70E-01
0.1872635621	1.23E-29	4.40000E-16	2.18E-01	8.15E-19	4.40000E-18	1.07E-02	4.40000E-18	4.40000E-18	7.71E-01
0.1897275563	7.61E-28	4.68000E-16	2.15E-01	1.17E-17	4.68000E-18	1.29E-02	4.68000E-18	4.68000E-18	7.72E-01
0.1921915506	5.59E-26	5.01000E-16	2.12E-01	1.87E-16	5.01000E-18	1.55E-02	5.01000E-18	5.01000E-18	7.73E-01
0.1946555448	4.54E-24	5.39000E-16	2.08E-01	3.19E-15	5.39000E-18	1.86E-02	5.39000E-18	5.39000E-18	7.74E-01
0.197119539	3.80E-22	5.85000E-16	2.03E-01	5.51E-14	5.85000E-18	2.23E-02	5.85000E-18	5.85000E-18	7.75E-01
0.1995835333	3.03E-20	6.38000E-16	1.97E-01	9.19E-13	6.38000E-18	2.67E-02	6.38000E-18	6.38000E-18	7.77E-01
0.2020475275	2.14E-18	6.99000E-16	1.90E-01	1.41E-11	6.99000E-18	3.19E-02	6.99000E-18	6.99000E-18	7.78E-01
0.2045115218	1.26E-16	7.69000E-16	1.81E-01	1.90E-10	7.69000E-18	3.80E-02	7.69000E-18	7.69000E-18	7.81E-01
0.206975516	5.86E-15	8.49000E-16	1.72E-01	2.18E-09	8.49000E-18	4.52E-02	8.49000E-18	8.49000E-18	7.83E-01
0.2094395102	2.08E-13	9.40000E-16	1.60E-01	2.07E-08	9.40000E-18	5.35E-02	9.40000E-18	9.40000E-18	7.86E-01
0.2119035045	5.56E-12	1.04000E-15	1.47E-01	1.62E-07	1.04000E-17	6.32E-02	1.04000E-17	1.04000E-17	7.90E-01
0.2143674987	1.12E-10	1.15000E-15	1.32E-01	1.04E-06	1.15000E-17	7.44E-02	1.15000E-17	1.15000E-17	7.94E-01
0.216831493	1.70E-09	1.27000E-15	1.15E-01	5.43E-06	1.27000E-17	8.71E-02	1.27000E-17	1.27000E-17	7.98E-01
0.2192954872	1.98E-08	1.41000E-15	9.51E-02	2.32E-05	1.41000E-17	1.02E-01	1.41000E-17	1.41000E-17	8.03E-01
0.2217594814	1.82E-07	1.55000E-15	7.33E-02	8.16E-05	1.55000E-17	1.18E-01	1.55000E-17	1.55000E-17	8.09E-01
0.2242234757	1.38E-06	1.69000E-15	4.91E-02	2.34E-04	1.69000E-17	1.35E-01	1.69000E-17	1.69000E-17	8.15E-01
0.2266874699	9.81E-06	1.84000E-15	2.27E-02	5.21E-04	1.84000E-17	1.54E-01	1.84000E-17	1.84000E-17	8.22E-01
0.2291514641	6.77E-04	1.94000E-15	3.25E-05	1.84E-04	1.94000E-17	1.69E-01	1.94000E-17	1.94000E-17	8.30E-01
0.2316154584	4.42E-03	1.80000E-15	6.50E-08	1.78E-05	1.80000E-17	1.58E-01	1.80000E-17	1.80000E-17	8.38E-01
0.2340794526	8.32E-03	1.67000E-15	1.01E-09	2.50E-06	1.67000E-17	1.46E-01	1.67000E-17	1.67000E-17	8.46E-01
0.2365434469	1.23E-02	1.53000E-15	1.58E-11	3.03E-07	1.53000E-17	1.34E-01	1.53000E-17	1.53000E-17	8.54E-01
0.2390074411	1.63E-02	1.40000E-15	1.85E-13	2.89E-08	1.40000E-17	1.21E-01	1.40000E-17	1.40000E-17	8.62E-01
0.2414714353	2.03E-02	1.27000E-15	1.41E-15	2.06E-09	1.27000E-17	1.09E-01	1.27000E-17	1.27000E-17	8.71E-01
0.2439354296	2.41E-02	1.15000E-15	6.46E-18	1.07E-10	1.15000E-17	9.73E-02	1.15000E-17	1.15000E-17	8.79E-01
0.2463994238	2.77E-02	1.04000E-15	1.69E-20	3.91E-12	1.04000E-17	8.61E-02	1.04000E-17	1.04000E-17	8.86E-01
0.248863418	3.11E-02	9.43000E-16	2.46E-23	1.01E-13	9.43000E-18	7.55E-02	9.43000E-18	9.43000E-18	8.93E-01
0.2513274123	3.43E-02	8.52000E-16	2.00E-26	1.83E-15	8.52000E-18	6.58E-02	8.52000E-18	8.52000E-18	9.00E-01
0.2537914065	3.72E-02	7.72000E-16	9.30E-30	2.38E-17	7.72000E-18	5.69E-02	7.72000E-18	7.72000E-18	9.06E-01
0.2562554008	3.97E-02	7.01000E-16	2.63E-33	2.31E-19	7.01000E-18	4.90E-02	7.01000E-18	7.01000E-18	9.11E-01
0.258719395	4.20E-02	6.39000E-16	5.07E-37	1.77E-21	6.39000E-18	4.19E-02	6.39000E-18	6.39000E-18	9.16E-01
0.2611833892	4.40E-02	5.86000E-16	7.64E-41	1.17E-23	5.86000E-18	3.57E-02	5.86000E-18	5.86000E-18	9.20E-01
0.2636473835	4.58E-02	5.40000E-16	1.05E-44	7.28E-26	5.40000E-18	3.03E-02	5.40000E-18	5.40000E-18	9.24E-01
0.2661113777	4.73E-02	5.01000E-16	1.53E-48	4.68E-28	5.01000E-18	2.56E-02	5.01000E-18	5.01000E-18	9.27E-01
0.268575372	4.86E-02	4.68000E-16	2.78E-52	3.39E-30	4.68000E-18	2.15E-02	4.68000E-18	4.68000E-18	9.30E-01
0.2710393662	4.98E-02	4.40000E-16	7.14E-56	2.99E-32	4.40000E-18	1.81E-02	4.40000E-18	4.40000E-18	9.32E-01
0.2735033604	5.07E-02	4.17000E-16	2.89E-59	3.42E-34	4.17000E-18	1.51E-02	4.17000E-18	4.17000E-18	9.34E-01
0.2759673547	5.15E-02	3.98000E-16	1.99E-62	5.31E-36	3.98000E-18	1.27E-02	3.98000E-18	3.98000E-18	9.36E-01
0.2784313489	5.22E-02	3.81000E-16	2.47E-65	1.16E-37	3.81000E-18	1.06E-02	3.81000E-18	3.81000E-18	9.37E-01
0.2808953431	5.27E-02	3.68000E-16	5.66E-68	3.58E-39	3.68000E-18	8.82E-03	3.68000E-18	3.68000E-18	9.38E-01
0.2833593374	5.32E-02	3.56000E-16	2.39E-70	1.57E-40	3.56000E-18	7.35E-03	3.56000E-18	3.56000E-18	9.39E-01
0.2858233316	5.36E-02	3.47000E-16	1.83E-72	9.76E-42	3.47000E-18	6.11E-03	3.47000E-18	3.47000E-18	9.40E-01
0.2882873259	5.40E-02	3.39000E-16	2.46E-74	8.37E-43	3.39000E-18	5.08E-03	3.39000E-18	3.39000E-18	9.41E-01
0.2907513201	5.42E-02	3.32000E-16	5.56E-76	9.68E-44	3.32000E-18	4.22E-03	3.32000E-18	3.32000E-18	9.42E-01
0.2932153143	5.45E-02	3.27000E-16	2.01E-77	1.47E-44	3.27000E-18	3.50E-03	3.27000E-18	3.27000E-18	9.42E-01
0.2956793086	5.47E-02	3.22000E-16	1.11E-78	2.85E-45	3.22000E-18	2.91E-03	3.22000E-18	3.22000E-18	9.42E-01
0.2981433028	5.48E-02	3.18000E-16	8.94E-80	6.85E-46	3.18000E-18	2.41E-03	3.18000E-18	3.18000E-18	9.43E-01
0.300607297	5.50E-02	3.15000E-16	9.95E-81	1.99E-46	3.15000E-18	2.00E-03	3.15000E-18	3.15000E-18	9.43E-01
0.3030712913	5.51E-02	3.13000E-16	1.47E-81	6.78E-47	3.13000E-18	1.66E-03	3.13000E-18	3.13000E-18	9.43E-01
0.3055352855	5.52E-02	3.10000E-16	2.76E-82	2.66E-47	3.10000E-18	1.38E-03	3.10000E-18	3.10000E-18	9.43E-01
0.3079992798	5.52E-02	3.09000E-16	6.40E-83	1.18E-47	3.09000E-18	1.14E-03	3.09000E-18	3.09000E-18	9.44E-01
0.310463274	5.53E-02	3.07000E-16	1.77E-83	5.77E-48	3.07000E-18	9.45E-04	3.07000E-18	3.07000E-18	9.44E-01
0.3129272682	5.54E-02	3.06000E-16	5.66E-84	3.08E-48	3.06000E-18	7.83E-04	3.06000E-18	3.06000E-18	9.44E-01
0.3153912625	5.54E-02	3.05000E-16	2.06E-84	1.77E-48	3.05000E-18	6.48E-04	3.05000E-18	3.05000E-18	9.44E-01
0.3178552567	5.54E-02	3.06000E-16	5.66E-84	3.08E-48	3.06000E-18	7.83E-04	3.06000E-18	3.06000E-18	9.44E-01
0.320319251	5.53E-02	3.07000E-16	1.77E-83	5.77E-48	3.07000E-18	9.45E-04	3.07000E-18	3.07000E-18	9.44E-01
0.3227832452	5.52E-02	3.09000E-16	6.40E-83	1.18E-47	3.09000E-18	1.14E-03	3.09000E-18	3.09000E-18	9.44E-01
0.3252472394	5.52E-02	3.10000E-16	2.76E-82	2.66E-47	3.10000E-18	1.38E-03	3.10000E-18	3.10000E-18	9.43E-01
0.3277112337	5.51E-02	3.13000E-16	1.47E-81	6.78E-47	3.13000E-18	1.66E-03	3.13000E-18	3.13000E-18	9.43E-01
0.3301752279	5.50E-02	3.15000E-16	9.95E-81	1.99E-46	3.15000E-18	2.00E-03	3.15000E-18	3.15000E-18	9.43E-01
0.3326392221	5.48E-02	3.18000E-16	8.94E-80	6.85E-46	3.18000E-18	2.41E-03	3.18000E-18	3.18000E-18	9.43E-01
0.3351032164	5.47E-02	3.22000E-16	1.11E-78	2.85E-45	3.22000E-18	2.91E-03	3.22000E-18	3.22000E-18	9.42E-01
0.3375672106	5.45E-02	3.27000E-16	2.01E-77	1.47E-44	3.27000E-18	3.51E-03	3.27000E-18	3.27000E-18	9.42E-01
0.3400312049	5.42E-02	3.32000E-16	5.56E-76	9.68E-44	3.32000E-18	4.22E-03	3.32000E-18	3.32000E-18	9.42E-01
0.3424951991	5.40E-02	3.39000E-16	2.46E-74	8.37E-43	3.39000E-18	5.08E-03	3.39000E-18	3.39000E-18	9.41E-01
0.3449591933	5.36E-02	3.47000E-16	1.83E-72	9.76E-42	3.47000E-18	6.11E-03	3.47000E-18	3.47000E-18	9.40E-01
0.3474231876	5.32E-02	3.56000E-16	2.39E-70	1.57E-40	3.56000E-18	7.35E-03	3.56000E-18	3.56000E-18	9.39E-01
0.3498871818	5.27E-02	3.68000E-16	5.66E-68	3.58E-39	3.68000E-18	8.82E-03	3.68000E-18	3.68000E-18	9.38E-01
0.352351176	5.22E-02	3.81000E-16	2.47E-65	1.16E-37	3.81000E-18	1.06E-02	3.81000E-18	3.81000E-18	9.37E-01
0.3548151703	5.15E-02	3.98000E-16	1.99E-62	5.31E-36	3.98000E-18	1.27E-02	3.98000E-18	3.98000E-18	9.36E-01
0.3572791645	5.07E-02	4.17000E-16	2.89E-59	3.42E-34	4.17000E-18	1.51E-02	4.17000E-18	4.17000E-18	9.34E-01
0.3597431588	4.98E-02	4.40000E-16	7.41E-56	2.99E-32	4.40000E-18	1.81E-02	4.40000E-18	4.40000E-18	9.32E-01
0.362207153	4.86E-02	4.68000E-16	2.93E-52	3.40E-30	4.68000E-18	2.15E-02	4.68000E-18	4.68000E-18	9.30E-01
0.3646711472	4.73E-02	5.01000E-16	1.63E-48	4.69E-28	5.01000E-18	2.56E-02	5.01000E-18	5.01000E-18	9.27E-01
0.3671351415	4.58E-02	5.40000E-16	1.12E-44	7.29E-26	5.40000E-18	3.03E-02	5.40000E-18	5.40000E-18	9.24E-01
0.3695991357	4.40E-02	5.86000E-16	8.12E-41	1.17E-23	5.86000E-18	3.57E-02	5.86000E-18	5.86000E-18	9.20E-01
0.37206313	4.20E-02	6.39000E-16	5.32E-37	1.77E-21	6.39000E-18	4.19E-02	6.39000E-18	6.39000E-18	9.16E-01
0.3745271242	3.97E-02	7.01000E-16	2.63E-33	2.31E-19	7.01000E-18	4.90E-02	7.01000E-18	7.01000E-18	9.11E-01
0.3769911184	3.72E-02	7.72000E-16	9.30E-30	2.38E-17	7.72000E-18	5.69E-02	7.72000E-18	7.72000E-18	9.06E-01
0.3794551127	3.43E-02	8.52000E-16	2.00E-26	1.83E-15	8.52000E-18	6.58E-02	8.52000E-18	8.52000E-18	9.00E-01
0.3819191069	3.11E-02	9.43000E-16	2.46E-23	1.01E-13	9.43000E-18	7.55E-02	9.43000E-18	9.43000E-18	8.93E-01
0.3843831011	2.77E-02	1.04000E-15	1.69E-20	3.91E-12	1.04000E-17	8.61E-02	1.04000E-17	1.04000E-17	8.86E-01
0.3868470954	2.41E-02	1.15000E-15	6.46E-18	1.07E-10	1.15000E-17	9.73E-02	1.15000E-17	1.15000E-17	8.79E-01
0.3893110896	2.03E-02	1.27000E-15	1.41E-15	2.06E-09	1.27000E-17	1.09E-01	1.27000E-17	1.27000E-17	8.71E-01
0.3917750839	1.63E-02	1.40000E-15	1.86E-13	2.89E-08	1.40000E-17	1.21E-01	1.40000E-17	1.40000E-17	8.62E-01
0.3942390781	1.23E-02	1.53000E-15	1.58E-11	3.03E-07	1.53000E-17	1.34E-01	1.53000E-17	1.53000E-17	8.54E-01
0.3967030723	8.32E-03	1.67000E-15	1.01E-09	2.50E-06	1.67000E-17	1.46E-01	1.67000E-17	1.67000E-17	8.46E-01
0.3991670666	4.42E-03	1.80000E-15	6.50E-08	1.78E-05	1.80000E-17	1.58E-01	1.80000E-17	1.80000E-17	8.38E-01
0.4016310608	6.77E-04	1.94000E-15	3.29E-05	1.84E-04	1.94000E-17	1.69E-01	1.94000E-17	1.94000E-17	8.30E-01
0.404095055	9.81E-06	1.84000E-15	2.27E-02	5.21E-04	1.84000E-17	1.54E-01	1.84000E-17	1.84000E-17	8.22E-01
0.4065590493	1.38E-06	1.69000E-15	4.91E-02	2.34E-04	1.69000E-17	1.35E-01	1.69000E-17	1.69000E-17	8.15E-01
0.4090230435	1.82E-07	1.55000E-15	7.33E-02	8.16E-05	1.55000E-17	1.18E-01	1.55000E-17	1.55000E-17	8.09E-01
0.4114870378	1.98E-08	1.41000E-15	9.51E-02	2.32E-05	1.41000E-17	1.02E-01	1.41000E-17	1.41000E-17	8.03E-01
0.413951032	1.70E-09	1.27000E-15	1.15E-01	5.43E-06	1.27000E-17	8.71E-02	1.27000E-17	1.27000E-17	7.98E-01
0.4164150262	1.12E-10	1.15000E-15	1.32E-01	1.04E-06	1.15000E-17	7.44E-02	1.15000E-17	1.15000E-17	7.94E-01
0.4188790205	5.56E-12	1.04000E-15	1.47E-01	1.62E-07	1.04000E-17	6.32E-02	1.04000E-17	1.04000E-17	7.90E-01
0.4213430147	2.08E-13	9.40000E-16	1.60E-01	2.07E-08	9.40000E-18	5.35E-02	9.40000E-18	9.40000E-18	7.86E-01
0.423807009	5.86E-15	8.49000E-16	1.72E-01	2.18E-09	8.49000E-18	4.52E-02	8.49000E-18	8.49000E-18	7.83E-01
0.4262710032	1.26E-16	7.69000E-16	1.81E-01	1.90E-10	7.69000E-18	3.80E-02	7.69000E-18	7.69000E-18	7.81E-01
0.4287349974	2.14E-18	6.99000E-16	1.90E-01	1.41E-11	6.99000E-18	3.19E-02	6.99000E-18	6.99000E-18	7.78E-01
0.4311989917	3.03E-20	6.38000E-16	1.97E-01	9.19E-13	6.38000E-18	2.67E-02	6.38000E-18	6.38000E-18	7.77E-01
0.4336629859	3.80E-22	5.85000E-16	2.03E-01	5.51E-14	5.85000E-18	2.23E-02	5.85000E-18	5.85000E-18	7.75E-01
0.4361269801	4.54E-24	5.39000E-16	2.08E-01	3.19E-15	5.39000E-18	1.86E-02	5.39000E-18	5.39000E-18	7.74E-01
0.4385909744	5.59E-26	5.01000E-16	2.12E-01	1.87E-16	5.01000E-18	1.55E-02	5.01000E-18	5.01000E-18	7.73E-01
0.4410549686	7.61E-28	4.68000E-16	2.15E-01	1.17E-17	4.68000E-18	1.29E-02	4.68000E-18	4.68000E-18	7.72E-01
0.4435189629	1.23E-29	4.40000E-16	2.18E-01	8.15E-19	4.40000E-18	1.07E-02	4.40000E-18	4.40000E-18	7.71E-01
0.4459829571	2.48E-31	4.17000E-16	2.21E-01	6.56E-20	4.17000E-18	8.93E-03	4.17000E-18	4.17000E-18	7.70E-01
0.4484469513	6.54E-33	3.97000E-16	2.23E-01	6.28E-21	3.97000E-18	7.41E-03	3.97000E-18	3.97000E-18	7.70E-01
0.4509109456	2.31E-34	3.81000E-16	2.25E-01	7.27E-22	3.81000E-18	6.16E-03	3.81000E-18	3.81000E-18	7.69E-01
0.4533749398	1.11E-35	3.67000E-16	2.26E-01	1.03E-22	3.67000E-18	5.11E-03	3.67000E-18	3.67000E-18	7.69E-01
0.4558389341	7.22E-37	3.56000E-16	2.27E-01	1.77E-23	3.56000E-18	4.24E-03	3.56000E-18	3.56000E-18	7.69E-01
0.4583029283	6.34E-38	3.46000E-16	2.28E-01	3.72E-24	3.46000E-18	3.51E-03	3.46000E-18	3.46000E-18	7.68E-01
0.4607669225	7.37E-39	3.39000E-16	2.29E-01	9.38E-25	3.39000E-18	2.91E-03	3.39000E-18	3.39000E-18	7.68E-01
0.4632309168	1.11E-39	3.32000E-16	2.30E-01	2.80E-25	3.32000E-18	2.41E-03	3.32000E-18	3.32000E-18	7.68E-01
0.465694911	2.13E-40	3.27000E-16	2.30E-01	9.77E-26	3.27000E-18	2.00E-03	3.27000E-18	3.27000E-18	7.68E-01
0.4681589052	5.02E-41	3.22000E-16	2.31E-01	3.91E-26	3.22000E-18	1.66E-03	3.22000E-18	3.22000E-18	7.68E-01
0.4706228995	1.43E-41	3.18000E-16	2.31E-01	1.77E-26	3.18000E-18	1.37E-03	3.18000E-18	3.18000E-18	7.68E-01
0.4730868937	4.78E-42	3.15000E-16	2.31E-01	8.90E-27	3.15000E-18	1.14E-03	3.15000E-18	3.15000E-18	7.67E-01
0.475550888	1.84E-42	3.13000E-16	2.32E-01	4.91E-27	3.13000E-18	9.43E-04	3.13000E-18	3.13000E-18	7.67E-01
0.4780148822	8.01E-43	3.10000E-16	2.32E-01	2.93E-27	3.10000E-18	7.81E-04	3.10000E-18	3.10000E-18	7.67E-01
0.4804788764	3.86E-43	3.09000E-16	2.32E-01	1.87E-27	3.09000E-18	6.47E-04	3.09000E-18	3.09000E-18	7.67E-01
0.4829428707	2.03E-43	3.07000E-16	2.32E-01	1.27E-27	3.07000E-18	5.36E-04	3.07000E-18	3.07000E-18	7.67E-01
0.4854068649	1.15E-43	3.06000E-16	2.32E-01	9.00E-28	3.06000E-18	4.44E-04	3.06000E-18	3.06000E-18	7.67E-01
0.4878708591	6.97E-44	3.05000E-16	2.32E-01	6.66E-28	3.05000E-18	3.67E-04	3.05000E-18	3.05000E-18	7.67E-01
0.4903348534	4.44E-44	3.04000E-16	2.32E-01	5.10E-28	3.04000E-18	3.04E-04	3.04000E-18	3.04000E-18	7.67E-01
0.4927988476	2.95E-44	3.03000E-16	2.33E-01	4.02E-28	3.03000E-18	2.52E-04	3.03000E-18	3.03000E-18	7.67E-01
0.4952628419	2.04E-44	3.03000E-16	2.33E-01	3.25E-28	3.03000E-18	2.09E-04	3.03000E-18	3.03000E-18	7.67E-01
0.4977268361	1.45E-44	3.02000E-16	2.33E-01	2.68E-28	3.02000E-18	1.73E-04	3.02000E-18	3.02000E-18	7.67E-01
0.5001908303	1.06E-44	3.02000E-16	2.33E-01	2.24E-28	3.02000E-18	1.43E-04	3.02000E-18	3.02000E-18	7.67E-01
0.5026548246	7.89E-45	3.02000E-16	2.33E-01	1.91E-28	3.02000E-18	1.18E-04	3.02000E-18	3.02000E-18	7.67E-01
0.5051188188	5.99E-45	3.01000E-16	2.33E-01	1.64E-28	3.01000E-18	9.81E-05	3.01000E-18	3.01000E-18	7.67E-01
0.5075828131	4.62E-45	3.01000E-16	2.33E-01	1.42E-28	3.01000E-18	8.12E-05	3.01000E-18	3.01000E-18	7.67E-01
0.5100468073	3.60E-45	3.01000E-16	2.33E-01	1.25E-28	3.01000E-18	6.73E-05	3.01000E-18	3.01000E-18	7.67E-01
0.5125108015	2.84E-45	3.01000E-16	2.33E-01	1.10E-28	3.01000E-18	5.57E-05	3.01000E-18	3.01000E-18	7.67E-01
0.5149747958	2.26E-45	3.01000E-16	2.33E-01	9.72E-29	3.01000E-18	4.61E-05	3.01000E-18	3.01000E-18	7.67E-01
0.51743879	1.81E-45	3.01000E-16	2.33E-01	8.65E-29	3.01000E-18	3.82E-05	3.01000E-18	3.01000E-18	7.67E-01
0.5199027842	1.45E-45	3.00000E-16	2.33E-01	7.73E-29	3.00000E-18	3.16E-05	3.00000E-18	3.00000E-18	7.67E-01
0.5223667785	1.18E-45	3.00000E-16	2.33E-01	6.93E-29	3.00000E-18	2.62E-05	3.00000E-18	3.00000E-18	7.67E-01
0.5248307727	9.55E-46	3.00000E-16	2.33E-01	6.23E-29	3.00000E-18	2.17E-05	3.00000E-18	3.00000E-18	7.67E-01
0.527294767	7.79E-46	3.00000E-16	2.33E-01	5.61E-29	3.00000E-18	1.80E-05	3.00000E-18	3.00000E-18	7.67E-01
0.5297587612	6.36E-46	3.00000E-16	2.33E-01	5.06E-29	3.00000E-18	1.49E-05	3.00000E-18	3.00000E-18	7.67E-01
0.5322227554	5.21E-46	3.00000E-16	2.33E-01	4.57E-29	3.00000E-18	1.23E-05	3.00000E-18	3.00000E-18	7.67E-01
0.5346867497	4.28E-46	3.00000E-16	2.33E-01	4.13E-29	3.00000E-18	1.02E-05	3.00000E-18	3.00000E-18	7.67E-01
0.5371507439	3.51E-46	3.00000E-16	2.33E-01	3.74E-29	3.00000E-18	8.44E-06	3.00000E-18	3.00000E-18	7.67E-01
0.5396147381	2.89E-46	3.00000E-16	2.33E-01	3.39E-29	3.00000E-18	6.99E-06	3.00000E-18	3.00000E-18	7.67E-01
0.5420787324	2.38E-46	3.00000E-16	2.33E-01	3.08E-29	3.00000E-18	5.79E-06	3.00000E-18	3.00000E-18	7.67E-01
0.5445427266	1.96E-46	3.00000E-16	2.33E-01	2.79E-29	3.00000E-18	4.79E-06	3.00000E-18	3.00000E-18	7.67E-01
0.5470067209	1.62E-46	3.00000E-16	2.33E-01	2.53E-29	3.00000E-18	3.97E-06	3.00000E-18	3.00000E-18	7.67E-01
0.5494707151	1.34E-46	3.00000E-16	2.33E-01	2.30E-29	3.00000E-18	3.29E-06	3.00000E-18	3.00000E-18	7.67E-01
0.5519347093	1.11E-46	3.00000E-16	2.33E-01	2.09E-29	3.00000E-18	2.72E-06	3.00000E-18	3.00000E-18	7.67E-01
0.5543987036	9.13E-47	3.00000E-16	2.33E-01	1.90E-29	3.00000E-18	2.25E-06	3.00000E-18	3.00000E-18	7.67E-01
0.5568626978	7.55E-47	3.00000E-16	2.33E-01	1.73E-29	3.00000E-18	1.87E-06	3.00000E-18	3.00000E-18	7.67E-01
0.5593266921	6.24E-47	3.00000E-16	2.33E-01	1.57E-29	3.00000E-18	1.54E-06	3.00000E-18	3.00000E-18	7.67E-01
0.5617906863	5.16E-47	3.00000E-16	2.33E-01	1.43E-29	3.00000E-18	1.28E-06	3.00000E-18	3.00000E-18	7.67E-01
0.5642546805	4.27E-47	3.00000E-16	2.33E-01	1.30E-29	3.00000E-18	1.06E-06	3.00000E-18	3.00000E-18	7.67E-01
0.5667186748	3.53E-47	3.00000E-16	2.33E-01	1.18E-29	3.00000E-18	8.77E-07	3.00000E-18	3.00000E-18	7.67E-01
0.569182669	2.92E-47	3.00000E-16	2.33E-01	1.07E-29	3.00000E-18	7.26E-07	3.00000E-18	3.00000E-18	7.67E-01
0.5716466632	2.42E-47	3.00000E-16	2.33E-01	9.77E-30	3.00000E-18	6.01E-07	3.00000E-18	3.00000E-18	7.67E-01
0.5741106575	2.00E-47	3.00000E-16	2.33E-01	8.89E-30	3.00000E-18	4.98E-07	3.00000E-18	3.00000E-18	7.67E-01
0.5765746517	1.66E-47	3.00000E-16	2.33E-01	8.09E-30	3.00000E-18	4.12E-07	3.00000E-18	3.00000E-18	7.67E-01
0.579038646	1.37E-47	3.00000E-16	2.33E-01	7.36E-30	3.00000E-18	3.41E-07	3.00000E-18	3.00000E-18	7.67E-01
0.5815026402	1.14E-47	3.00000E-16	2.33E-01	6.69E-30	3.00000E-18	2.83E-07	3.00000E-18	3.00000E-18	7.67E-01
0.5839666344	9.41E-48	3.00000E-16	2.33E-01	6.09E-30	3.00000E-18	2.34E-07	3.00000E-18	3.00000E-18	7.67E-01
0.5864306287	7.79E-48	3.00000E-16	2.33E-01	5.54E-30	3.00000E-18	1.94E-07	3.00000E-18	3.00000E-18	7.67E-01
0.5888946229	6.45E-48	3.00000E-16	2.33E-01	5.04E-30	3.00000E-18	1.60E-07	3.00000E-18	3.00000E-18	7.67E-01
0.5913586171	5.34E-48	3.00000E-16	2.33E-01	4.59E-30	3.00000E-18	1.33E-07	3.00000E-18	3.00000E-18	7.67E-01
0.5938226114	4.42E-48	3.00000E-16	2.33E-01	4.17E-30	3.00000E-18	1.10E-07	3.00000E-18	3.00000E-18	7.67E-01
0.5962866056	3.66E-48	3.00000E-16	2.33E-01	3.80E-30	3.00000E-18	9.11E-08	3.00000E-18	3.00000E-18	7.67E-01
0.5987505999	3.03E-48	3.00000E-16	2.33E-01	3.46E-30	3.00000E-18	7.54E-08	3.00000E-18	3.00000E-18	7.67E-01
0.6012145941	2.51E-48	3.00000E-16	2.33E-01	3.14E-30	3.00000E-18	6.25E-08	3.00000E-18	3.00000E-18	7.67E-01
0.6036785883	2.08E-48	3.00000E-16	2.33E-01	2.86E-30	3.00000E-18	5.17E-08	3.00000E-18	3.00000E-18	7.67E-01
0.6061425826	1.72E-48	3.00000E-16	2.33E-01	2.60E-30	3.00000E-18	4.28E-08	3.00000E-18	3.00000E-18	7.67E-01
0.6086065768	1.42E-48	3.00000E-16	2.33E-01	2.37E-30	3.00000E-18	3.55E-08	3.00000E-18	3.00000E-18	7.67E-01
0.6110705711	1.18E-48	3.00000E-16	2.33E-01	2.16E-30	3.00000E-18	2.94E-08	3.00000E-18	3.00000E-18	7.67E-01
0.6135345653	9.76E-49	3.00000E-16	2.33E-01	1.96E-30	3.00000E-18	2.43E-08	3.00000E-18	3.00000E-18	7.67E-01
0.6159985595	8.08E-49	3.00000E-16	2.33E-01	1.79E-30	3.00000E-18	2.01E-08	3.00000E-18	3.00000E-18	7.67E-01
0.6184625538	6.69E-49	3.00000E-16	2.33E-01	1.62E-30	3.00000E-18	1.67E-08	3.00000E-18	3.00000E-18	7.67E-01
0.620926548	5.54E-49	3.00000E-16	2.33E-01	1.48E-30	3.00000E-18	1.38E-08	3.00000E-18	3.00000E-18	7.67E-01
0.6233905422	4.59E-49	3.00000E-16	2.33E-01	1.35E-30	3.00000E-18	1.14E-08	3.00000E-18	3.00000E-18	7.67E-01
0.6258545365	3.80E-49	3.00000E-16	2.33E-01	1.22E-30	3.00000E-18	9.46E-09	3.00000E-18	3.00000E-18	7.67E-01
0.6283185307	3.15E-49	3.00000E-16	2.33E-01	1.11E-30	3.00000E-18	7.84E-09	3.00000E-18	3.00000E-18	7.67E-01